6.61125278
1.86212635
0.00055322
6.64642334
10.42434788
0.59156752
0.00472690
1.15794086
10.72846889
13.16283321
2.34546852
5.91881943
4.75057030
5.19952631
3.04668307
4.07738590
1.47879112
5.17518425
14.16369247
6.76471233
3.01583123
5.76302814
0.34090489
0.13433710
1.47068381
0.87393570
2.22741413
0.67443556
2.44672251
5.75822163
2.28235292
0.37855273
0.90156728
0.00520031
0.18580142
2.21565843
3.38646674
5.44781876
2.13861322
0.91092777
0.17637818
0.84636408
2.60947180
0.07571435
0.05800847
0.32220149
0.41555139
4.59395790
8.12244511
4.66510963
4.96621227
0.07067582
1.88334763
1.61396754
0.00361753
2.87056231
1.10288262
1.54272032
1.85417843
1.90879452
1.91136742
0.02834894
0.00252583
0.03053616
1.06351757
0.67250925
0.19560900
1.51772189
0.27297577
0.14422035
1.53608477
1.66422951
3.45400000
0.75377226
2.20734429
1.19157290
0.46987319
0.50449467
1.55869615
0.23256350
5.21429729
0.00545999
0.00847753
0.00055095
0.36254078
0.04988670
0.00455794
0.00007701
0.00307801
1.10482812
0.47739756
1.83760428
0.17868467
0.00480972
0.00010716
0.01924228
1.53860009
6.91941929
4.37530231
0.18699490
4.57389450
0.00109898
1.20986950
1.53237414
1.87778974
4.39995861
8.45661354
1.94355583
0.26863867
0.30179214
7.84082413
0.32456195
9.21917057
0.79193777
5.40863132
0.60578227
5.65967178
0.05720755
0.63803262
0.23494875
1.28208625
0.12732151
2.51999998
6.86757898
0.04625024
0.00723184
5.15164375
1.45504868
4.16710281
0.00048661
1.74728799
5.02645588
7.49128103
1.67219257
0.00245127
0.69642675
4.94716263
5.75717354
0.25920627
0.00110410
0.15538697
1.34586406
2.66393995
1.95910943
0.66049856
0.44048333
2.05826569
0.02480784
0.00319316
0.06244997
0.84898657
6.43532944
4.66338491
0.01447933
0.18805973
3.37976933
7.70380163
0.30044487
0.00198679
0.00051259
0.94225317
1.42260957
0.01975796
0.00229072
1.32708645
1.56027436
0.79220372
0.63704222
0.14368533
0.13897078
9.06470490
1.92151499
0.18180837
0.80315679
0.07878255
0.00734439
0.00042394
1.12148869
0.79284883
6.34377098
0.00744166
0.00687057
0.00080088
0.00046564
0.00281640
0.23908100
0.06917129
0.40249893
1.16404915
2.03627467
5.32697582
0.11178853
3.74417496
1.40956354
0.02135965
0.00264985
1.55301893
1.55353308
0.00018857
0.26960868
4.78040886
1.15096068
0.00085222
0.00010645
1.34662199
5.87375164
1.59719086
1.12121058
0.02835763
0.91150141
5.64016581
10.88365364
1.12794328
5.85153103
3.59814358
0.00553800
3.69731855
0.13828045
0.88247156
5.08325148
0.11770229
3.73755717
0.05364648
0.62393218
6.10893345
0.32488874
8.36469269
0.12051042
5.42002392
5.97594452
6.61125278
1.86212635
0.00055322
6.64642334
10.42434788
0.59156752
0.00472690
1.15794086
16.13276672
6.07951546
9.30436897
4.49563599
4.86650991
8.22623444
4.72591496
0.02042604
0.82132500
1.01226449
4.48525524
8.31322289
0.86200869
0.04246238
2.62610197
6.87423754
0.09537598
5.40931034
0.09217366
0.00477982
0.00454239
7.39290428
4.50891113
4.03301954
2.78707743
3.84880304
2.61802673
0.28287145
0.03753221
0.58135796
1.92360198
0.88201380
0.02005151
1.08776367
2.32863426
0.71578062
5.73318005
6.07410955
0.13726921
2.01147509
7.37429714
0.08084989
0.73244190
1.76895475
0.29284453
0.45122492
1.16895580
0.01253064
0.00427048
0.07481191
0.55006081
8.29188824
0.53881019
0.60382420
6.79193115
1.93555665
3.92591739
0.05397882
6.12802219
0.02208496
5.41997623
0.05500992
0.03420799
0.00015317
0.00012159
1.16180933
7.12604284
0.55307049
0.58895802
0.00027307
1.02745187
2.74575138
0.31890020
6.75053930
0.10525939
1.27726150
4.40809250
2.17552471
0.66762125
0.00021515
0.00947431
2.24759531
0.00189708
0.00176262
0.00083924
0.14582062
0.00795470
0.00208090
0.94118404
7.49329567
3.89977217
0.00148163
1.97861874
0.00090582
0.95586991
4.06683493
2.97800207
1.32198787
0.06637141
0.00155638
0.00029703
0.21099675
0.65061587
4.00047731
7.58693504
1.02272379
0.07573082
0.00754992
0.00014590
5.85221815
7.79664135
1.21712661
11.40480709
0.68843758
2.39097047
0.04821071
2.57943797
0.38546175
7.49077463
1.03066528
0.06743017
0.00521490
2.00343275
0.00722936
0.56985956
0.01694698
0.00215786
0.29861021
0.22572477
1.85453534
4.69286919
0.05728219
0.00068379
0.00038140
0.21344915
0.65581810
1.63724291
0.65795803
0.00135152
0.00050282
3.41849875
2.57830691
0.54332352
0.04820923
1.00967407
4.17600822
3.33777428
17.78311539
6.32538414
7.09258080
3.23684216
0.45113057
7.85531807
0.28060335
0.47890514
2.23034000
0.27183589
4.92550087
0.35933694
0.07390101
0.00433493
1.58173776
4.72812510
0.10254124
2.92576337
0.20637481
1.32445335
0.78106374
2.23912930
0.40867233
6.62499666
0.09258918
0.02857476
1.76768565
2.26260281
0.33915272
0.00119543
0.00100276
0.01179990
0.03571115
0.22982684
1.85804701
3.08364630
0.31081623
2.38247108
0.00114495
0.00022385
0.08269875
0.51230204
8.96718407
0.20702426
0.08692748
0.25344735
1.43380547
0.10069284
3.57571840
0.00366563
0.00008738
1.39110649
0.19821066
0.00083614
0.00010180
2.16183639
0.28101152
1.94248271
2.66984844
4.79362965
5.67206287
3.01029253
4.32294798
0.72142267
0.00062422
0.70666128
0.47144362
1.88093448
0.00128282
0.00059646
1.51144934
0.00023493
0.35582489
0.48457015
0.74444503
0.00712864
0.00128866
0.06680649
0.82146865
0.97646028
8.82246399
1.31816256
1.81805611
1.86722386
0.00521502
7.26852608
0.00792703
0.00055596
0.00114447
0.54582685
5.24329758
5.03317928
