4.09562778
4.16994476
1.12317502
15.92484474
5.92707014
2.47164226
2.37452769
2.96117687
4.09562778
4.16994476
1.12317502
12.49418068
8.83558083
2.49212313
5.94757462
9.01149845
8.35925484
5.73859739
0.45000196
1.28169274
0.42954332
3.16651201
1.10966754
4.63929272
1.11718488
5.59894466
14.73325920
5.72958469
5.47484112
3.97476697
0.21670388
0.13857441
2.27567053
0.56481028
2.29424596
0.52921152
2.43077707
3.08906412
2.47566652
0.34936041
1.15065598
0.00266685
0.14494300
1.96932983
1.50338614
6.08244562
2.59543562
1.10066009
0.12461129
0.74835169
2.67134690
0.05167978
0.06614080
0.35024187
0.31984061
4.99323463
8.04845238
4.49976158
4.79969311
0.07789247
1.77413249
1.12726331
0.00467363
1.85498726
0.71480995
1.57518220
1.76816654
1.99822140
1.48679233
0.01510268
0.00310154
0.03227698
0.90335786
0.82666057
0.20129266
1.36924517
0.20414460
0.17309970
1.32793641
1.67546380
3.35468268
0.66061193
2.85445046
1.12193525
0.43941170
0.40448543
1.54692280
0.24824630
5.17688274
0.00410464
0.00493428
0.00049877
0.35278985
0.04301487
0.00368309
0.00008297
0.00618413
1.05346894
0.46266463
2.03592300
0.13550487
0.00260645
0.00066556
0.03860667
1.50589466
8.39303780
5.10468340
0.29076803
5.09909439
0.00271000
1.04255307
1.65445137
1.94590163
4.40636683
8.87439632
1.87840605
0.21985637
0.26056081
7.36080837
0.32327721
9.32030296
0.72677243
5.56145620
0.43853152
5.42055607
0.06647091
0.52839488
0.18346010
1.19589305
0.14866731
2.56811500
6.88385916
0.03984037
0.00594490
4.98360395
1.26555121
4.20758915
0.00052224
2.15671277
4.70491695
7.44593716
1.45591676
0.00301039
0.80065411
5.02045631
5.74612808
0.22924681
0.00142854
0.14559123
1.42407405
2.79891896
1.79444623
0.66130185
0.37056172
1.77730513
0.02239101
0.00251691
0.08736365
0.95635653
6.43867779
5.09201813
0.03972833
0.14903238
3.02661753
7.86950254
0.37711138
0.00287239
0.00061326
1.14203942
1.38650167
0.02377059
0.00269431
1.34579158
1.42512119
0.63627017
0.54386795
0.16011329
0.13209742
8.99694633
1.98322737
0.17255694
0.92735279
0.08341406
0.01338978
0.00069523
1.11261332
0.76099980
6.33355808
0.00669782
0.00556456
0.00100169
0.00080767
0.00454215
0.26191178
0.07544763
0.34926844
1.21089256
2.11800599
5.53224468
0.15815337
3.82478428
1.78402078
0.03576176
0.00456838
1.75438809
1.67987692
0.00052879
0.25908896
5.01146889
1.10801864
0.00163207
0.00013029
1.37229645
5.73121071
1.55580008
1.27114820
0.02847686
1.04486430
5.73837900
10.60139656
1.22950649
5.78500175
3.47944927
0.00547612
3.24742699
0.12884192
0.89922690
5.11558628
0.11298633
3.67442036
0.05987138
0.63775992
6.05208206
0.30647495
8.21961021
0.10339192
3.79533887
0.10262871
4.09562778
4.16994476
1.12317502
8.58500099
2.98654652
3.56606770
11.52496052
6.25947523
7.75948524
5.36808681
11.57488441
3.88050294
4.19679546
8.22617722
4.87360573
0.03281148
0.71737504
0.84530461
3.71920395
7.92039537
0.64108336
0.01327874
1.04256940
5.34004879
0.07645795
4.79142857
0.19373645
0.00099181
0.00051616
4.57433796
3.57643414
3.09608555
3.12915039
3.93067551
2.22927737
0.16573794
0.01925164
0.67497826
1.90859532
1.00755799
0.01488519
1.03887272
2.43451834
0.98637623
4.70349693
4.07441711
0.02228119
1.34765136
7.10674620
0.06893443
0.81239760
1.50937164
0.24266581
0.51581168
1.08294499
0.00887863
0.00203129
0.05101017
0.57985836
8.86205769
0.56051183
0.57731026
6.57462597
1.69481683
3.37741804
0.05682853
6.18127966
0.01101839
5.37878895
0.06571604
0.01956510
0.00014221
0.00003135
0.50205922
9.56258965
0.11214548
0.05327548
0.00005329
0.88671881
2.80753875
0.31730258
6.81159973
0.09432754
1.32715893
4.41275692
2.08980083
0.62929571
0.00003624
0.00333765
1.67976117
0.00034469
0.00025543
0.00022313
0.10371179
0.00351015
0.00030358
0.99162215
2.04225159
0.00257720
0.00046207
2.02936363
0.00013291
0.56656826
3.97808266
2.75324631
1.14962649
0.04145953
0.00088903
0.00010800
0.11217414
0.78088534
1.55217981
7.21336079
0.80447352
0.09628356
0.00650112
0.00004053
5.73172283
7.62827587
1.29732645
11.03460503
0.61039865
2.35737348
0.03984644
2.45674992
0.37531385
7.21282673
0.94187820
0.09867534
0.00607051
2.05243301
0.00468858
0.46010911
0.01789800
0.00203034
0.35929143
0.16262263
1.97284877
4.61004734
0.08366790
0.00068593
0.00018476
0.18000546
0.57831299
0.76861894
0.52650541
0.00051664
0.00017081
3.43655586
2.23328042
0.50928289
0.03472315
0.91159171
3.92857575
3.37068033
17.41343307
6.16394138
7.59786224
2.98343396
0.43376270
8.36814308
0.26725861
0.44231200
1.93953669
0.28179696
5.36623335
0.36209130
0.06648887
0.00276374
1.53308153
4.06140423
0.10027970
2.92852402
0.19700025
1.26962376
0.79691905
2.18793535
0.44199154
6.54793549
0.08394087
0.02325057
1.72028756
2.29085636
0.36813602
0.00256864
0.00095501
0.01373542
0.04190215
0.13099939
2.08854604
2.95159435
0.32173574
2.38311386
0.00100657
0.00008082
0.08218753
0.53753591
8.81475830
0.18652926
0.08069254
0.24315548
1.40289712
0.11217564
3.82554412
0.00286787
0.00005936
1.30983579
0.16594790
0.00073894
0.00006473
2.22430682
0.28665224
1.67303133
2.87628603
4.73780632
5.58591080
2.98246336
4.32310295
0.86106116
0.00070595
0.50466770
0.37494889
1.79946756
0.00087283
0.00053070
1.34483409
0.00011968
0.31609434
0.48630551
0.64668941
0.00546758
0.00070118
0.05642740
0.87385106
0.94016081
8.63965988
1.39967477
1.61311769
1.89986861
0.00459899
7.56722260
0.00584773
0.00043395
0.00115650
0.59036744
2.99702787
0.18369991
