8.99398994
13.32427692
4.18568420
5.47347593
1.44223082
8.11845970
3.09183717
2.64971066
12.00912666
3.85608721
5.49442148
2.09120846
6.02901745
3.17023516
2.34951520
4.15797424
9.74071598
0.63781703
0.41881439
1.27659941
0.40726697
3.03907967
1.59378099
4.75833511
0.85302413
5.27433109
14.64682579
5.55741596
6.33188248
2.96446323
0.12096547
0.10040370
2.80732489
0.68616837
2.58155107
0.52131355
2.38170528
1.79316282
2.06897783
0.36184576
1.30573666
0.00735291
0.14532912
1.98646307
1.59614658
5.61714077
2.01072073
1.37112617
0.14935985
0.81861478
2.88628006
0.06230437
0.06990533
0.35792989
0.38321626
4.97964191
8.45192814
4.60607862
4.97762823
0.08077896
1.98468387
1.45578873
0.00586847
1.89879334
0.83929437
1.56469953
1.72863507
1.86288321
1.78817642
0.02710492
0.00369058
0.02340919
0.96562219
0.71642572
0.21048248
1.41653621
0.22548941
0.15538983
1.29596496
1.61140668
3.63350272
0.62532789
2.35871863
1.10221601
0.50171936
0.50245905
1.66826987
0.23627301
5.46349621
0.00508480
0.00833769
0.00104087
0.40542290
0.05217968
0.00470365
0.00012743
0.00807793
1.25886273
0.58596051
1.90400052
0.14142025
0.00441481
0.00123948
0.04173546
1.53341067
2.94165778
0.00108981
0.00450109
5.33842659
0.00167551
1.02143478
1.68722677
1.92723179
4.36611938
9.34608841
1.84809828
0.22512780
0.23536147
7.30962610
0.35440725
9.22244740
0.64352936
5.45680666
0.39786011
5.30484724
0.06277055
0.57858300
0.18983665
1.11190844
0.12882505
2.52166176
6.98669720
0.04475829
0.00583967
5.23593378
1.24821758
4.18993998
0.00050723
2.04743314
4.81467819
7.23717499
1.60293698
0.00321455
0.78958696
5.01226282
5.81251812
0.27396306
0.00175120
0.13382533
1.46554708
2.84089637
1.97912323
0.70193660
0.36416936
1.66003799
0.02190806
0.00257125
0.08985028
0.94823128
6.55868530
4.86671543
0.03584583
0.16664241
3.19403195
7.73853016
0.35787138
0.00247898
0.00085579
1.03994226
1.48668230
0.01880309
0.00283863
1.45026267
1.40719426
0.64220935
0.52880085
0.16240132
0.14151411
9.23993111
2.38153028
0.17741156
0.83191454
0.09076484
0.00881436
0.00079612
1.06562257
0.73509437
6.29902220
0.00675845
0.00796511
0.00118186
0.00102027
0.00553848
0.26284462
0.06550270
0.51734126
1.14802408
2.15940094
5.34335423
0.13040492
3.88207483
1.49537838
0.02024148
0.00313042
1.56039715
1.47979403
0.00035351
0.26399544
5.06711149
1.13196564
0.00100193
0.00012933
1.45644641
5.80583191
1.69789290
1.11953580
0.02682051
1.18891466
5.69374990
10.72766113
1.30210090
5.81334829
3.63498926
0.00567812
3.52072883
0.12638232
0.97148234
5.12714005
0.11466602
3.90206146
0.06876116
0.58410352
6.06845427
0.31290418
8.13963032
0.10485371
4.63096714
1.74185109
9.42032051
2.37037969
3.16855288
0.17668483
0.79291767
2.14052987
7.30954933
5.96694517
6.48913479
3.39730072
6.41785526
0.04038481
3.51572108
8.92118263
4.78770542
0.00311105
0.42296660
0.85338736
3.77937365
7.87475204
0.51233882
0.01309086
3.47166681
5.34138918
0.09962158
4.29221869
0.13945784
0.00064043
0.00096513
2.75545549
4.06906509
3.18939972
3.16659284
4.05167007
2.28239655
0.13562906
0.01685860
0.21059616
1.27193213
0.99459672
0.01481907
0.99713862
2.52740383
0.97207212
5.85964108
3.78516531
0.01964482
1.30693460
7.23286343
0.09357452
0.79400223
1.58310819
0.24069323
0.53712076
0.98800790
0.01046232
0.00130806
0.03310884
0.49661344
8.70727730
0.64690405
0.48343325
6.62971115
1.85974741
3.41695094
0.06003103
6.34277391
0.01322474
5.37143707
0.02634445
0.02424310
0.00012528
0.00003052
0.49282885
10.05241489
0.07274301
0.03880382
0.00006473
0.87896180
2.54922581
0.35264784
6.65278912
0.10632805
1.30640876
4.47565746
2.19613624
0.62767929
0.00004434
0.00529222
1.53662550
0.00058705
0.00039987
0.00032730
0.11401433
0.00650029
0.00048101
0.99786055
2.04284644
0.00217166
0.00070035
2.07117367
0.00041274
0.60641599
3.84798503
2.40388489
0.98235285
0.03520605
0.00077301
0.00007856
0.07597370
0.89787352
1.66431129
7.91703320
0.89707220
0.08260832
0.00570917
0.00003397
5.65667439
7.73548031
1.29897094
11.51418972
0.79497623
2.24052262
0.04043953
2.66726422
0.32341471
7.45500040
0.90316606
0.06947404
0.00720439
1.95274758
0.00542229
0.48483688
0.01332721
0.00269229
0.38281587
0.19226718
1.60504496
4.61864901
0.07672594
0.00049436
0.00033004
0.18269455
0.54129446
0.64593160
0.58587629
0.00046254
0.00014972
3.51887870
2.16087198
0.53348923
0.04350246
0.88667554
3.85377336
3.44482279
17.97479248
5.94262314
7.99523020
3.08690834
0.41843328
7.83983374
0.27081031
0.45934492
1.87327921
0.25652826
5.30097485
0.37829864
0.08366735
0.00372134
1.66898310
4.32337570
0.10830002
2.80905581
0.18710276
1.24926889
0.80641490
2.00966597
0.38518229
6.57746744
0.07407913
0.02148030
1.69516397
2.20715070
0.28155375
0.00116519
0.00092857
0.01345706
0.03952748
0.24459092
2.05961275
3.14013624
0.33523765
2.47255087
0.00109279
0.00007069
0.08523104
0.54580414
8.89138508
0.17270048
0.08086341
0.25959465
1.38464582
0.10664773
3.57283711
0.00295975
0.00008177
1.25138283
0.15841204
0.00063971
0.00014614
2.07252026
0.31057385
1.75163805
2.70711231
4.69703341
5.89664555
2.91682005
4.23271227
0.74952841
0.00041679
0.76044631
0.59177232
1.69559097
0.00062851
0.00037425
1.35976803
0.00011718
0.32337305
0.52960551
0.65601230
0.00652279
0.00036340
0.05426498
0.88117182
0.88796782
8.98618603
1.58614612
1.57570493
1.83455145
0.00463708
7.43028355
0.00588210
0.00055238
0.00118662
0.75795329
4.58766556
1.73433602
