9.05729771
22.00683975
6.60919428
10.26897621
3.51592231
7.82827187
2.36459160
5.93374062
9.05729771
22.00683975
6.60919428
9.53801918
6.23450899
2.89117908
4.99134016
5.73427010
8.19269657
7.37462997
0.54493761
1.13240778
0.41173941
3.15685868
0.97302550
4.85372066
1.13276136
6.56575012
14.96335125
5.89504719
5.30171537
4.51251554
0.16891345
0.10786411
2.60817242
0.49912095
2.29209781
0.50414926
2.42398715
3.18488431
2.26468515
0.38102046
1.36243141
0.01319674
0.09371999
1.85001755
1.96630609
5.99333143
1.39410532
0.56930578
0.15954565
0.76957089
2.59879136
0.07509294
0.06182127
0.36009508
0.33050179
5.65469885
8.34893036
4.55316067
5.07923222
0.08839376
1.71544814
1.47005868
0.00312994
1.68989491
0.76743984
1.63479149
1.69622648
1.99026036
1.69870317
0.02318966
0.00455853
0.02443774
0.86259049
0.81354356
0.18683094
1.36118054
0.23963208
0.16040070
1.18506408
1.63062549
3.55153418
0.60539556
2.86959362
1.25154638
0.47218013
0.45254162
1.69115949
0.28013915
5.34048939
0.00708484
0.00929906
0.00162517
0.44519061
0.05071537
0.00576180
0.00021908
0.00233853
1.22505796
0.39605543
2.12101412
0.17210390
0.00410120
0.00185473
0.02185324
1.53277183
6.99687290
4.62118435
0.15184988
4.83965111
0.00358772
1.08123887
1.58352149
1.84658527
4.62377501
8.97243690
1.90395927
0.22499263
0.30508405
7.50533772
0.30240166
9.18924713
0.77448964
5.44871426
0.45596984
5.84237862
0.05256544
0.62982708
0.22336765
1.35704422
0.18902092
2.41984892
6.72891235
0.04108926
0.01067252
5.29991531
1.43373394
4.16338110
0.00107207
1.88251781
5.12596273
7.38386822
1.47684932
0.00445659
0.83693987
5.03823757
5.74200583
0.26535922
0.00219069
0.14184353
1.41167819
2.71679688
1.96627939
0.71239144
0.41068324
1.79911816
0.02546372
0.00457633
0.07131662
0.91565800
6.88622713
4.71125221
0.07950252
0.16539346
3.18053579
7.48425961
0.39911154
0.00285444
0.00074978
1.17882288
1.05003560
0.03053639
0.00164588
1.23292422
1.60176492
0.77002007
0.55800235
0.17243876
0.13671173
9.09713650
2.06346178
0.16571763
0.89926106
0.07223698
0.00576216
0.00119091
1.19597781
0.77102852
6.55274200
0.00717279
0.00573193
0.00133556
0.00097406
0.00675561
0.24736945
0.07050420
0.42639178
1.24645138
2.05407715
5.62053251
0.13774151
3.82558537
1.89860439
0.03245726
0.00282425
1.66198409
1.39869332
0.00094345
0.27519441
4.84997845
1.48248065
0.00281628
0.00016879
1.28260064
5.89453602
1.54623413
1.18430138
0.06264224
0.84878600
5.75230122
10.72214794
1.08896184
5.81639910
3.47025490
0.00641951
3.22833467
0.13155316
0.88579416
5.06194878
0.12835774
3.59743214
0.06397862
0.68188900
6.14154434
0.30564147
8.26480675
0.12134681
5.23247147
13.53693390
9.05729771
22.00683975
6.60919428
8.83025551
2.01839304
4.25053120
8.04307556
5.82219124
7.91872263
5.17586994
10.97848892
1.61738586
2.64441013
8.43071747
4.39844513
0.00973962
0.75221163
1.04895937
4.16392088
8.20701981
0.40945312
0.01439802
0.71335423
6.09016562
0.10237317
4.93388271
0.27707288
0.00191731
0.00174573
4.71432590
3.33380532
3.38586450
2.97166085
3.92215300
2.47994328
0.23952532
0.02986682
0.50191158
1.82045674
0.95367336
0.01489318
0.98691893
2.26898408
0.90993762
5.45860291
4.73485851
0.06548762
1.48169649
7.22892189
0.06965207
0.72525692
1.65920949
0.27258816
0.43298468
1.09426737
0.01491303
0.00413135
0.04629496
0.55766928
8.77373981
0.61747754
0.72989923
6.70291185
1.78075433
3.76024055
0.06407511
6.82529593
0.01462513
5.57759190
0.04834452
0.02840722
0.00045945
0.00004911
0.49831343
8.76976395
0.14920285
0.13330975
0.00016247
0.95247632
2.54714370
0.30484214
7.07476377
0.13688453
1.22881031
4.36553192
2.04555607
0.87683129
0.00014054
0.00644379
1.77504885
0.00130044
0.00108874
0.00054690
0.16089094
0.00701169
0.00113161
0.77503252
1.96732330
0.00431096
0.00091273
2.22780824
0.00038926
0.54079974
3.87743163
2.39097452
1.18357205
0.05424589
0.00198477
0.00054750
0.15866831
0.68161625
2.29825449
7.36850977
0.88848430
0.08768519
0.00444069
0.00009024
5.94044590
7.78616667
1.27339935
11.91545677
0.63600874
2.67406249
0.04771075
2.47887349
0.40065634
7.38229561
0.87368286
0.07022231
0.00655773
1.95034766
0.00531605
0.74915659
0.00792336
0.00298721
0.16099121
0.17679071
1.71297908
4.62569475
0.07935718
0.00128949
0.00096465
0.17869414
0.65767562
0.63943714
0.58156037
0.00044539
0.00032014
3.39341807
2.44630456
0.53396541
0.03761315
0.93228561
3.92859769
3.27364993
17.57244110
6.29491615
6.95353413
3.92272949
0.42572606
7.91491508
0.22599269
0.39735469
1.99272645
0.27081493
5.87661743
0.40277165
0.07504527
0.00268967
1.42860174
4.47926521
0.10643191
2.86635375
0.16932516
1.23400140
0.77572554
2.18154144
0.43775287
6.72410774
0.09838270
0.01767082
1.79806876
2.22404099
0.35452667
0.00420804
0.00241988
0.01023733
0.03409901
0.16017301
1.94294965
3.03663874
0.32050350
2.48745537
0.00099204
0.00005519
0.07677298
0.57301337
8.93347263
0.24130918
0.07962517
0.23535413
1.45724511
0.11297175
3.51226902
0.00251715
0.00005865
1.50277364
0.20374192
0.00137866
0.00013053
2.26624370
0.28268313
1.68083239
2.72483611
4.97392464
5.52843857
3.29246402
4.38396978
0.84496796
0.00056978
0.51800179
0.48575264
1.66771185
0.00079826
0.00065317
1.49152374
0.00020740
0.33279321
0.46976238
0.67901492
0.00781266
0.00287168
0.05664742
0.80179751
0.85751379
8.83556461
1.27420008
1.72720289
1.82039464
0.00478516
7.87477112
0.00575315
0.00044956
0.00111232
0.61444318
4.74004221
12.60536194
